In GAP:

G := ProjectiveSpecialLinearGroup(2,19);
idx57 := Filtered(ConjugacyClassesSubgroups(G), c -> Index(G, Representative(c)) = 57);
H := Representative(idx57[1]);;
act := ActionHomomorphism(G, RightCosets(G,H), OnRight);;
P := Image(act);
Size(P);
DegreeAction(P);
GeneratorsOfGroup(P);

3420
57
[ (1,9,8,7,6,5,4,3,2),(10,12,43,33,20,52,47,39,27),(11,56,55,50,44,34,21,14,28),(13,40,29),(15,51,46,38,26,17,45,37,30),(16,31,18,54,49,42,32,
    19,25),(22,23,57,53,48,41,36,24,35), (1,39,51),(2,11,54),(3,40,19),(4,16,36),(5,15,55),(6,47,41),(7,17,53),(9,18,10),(12,14,33),(13,48,27),(20,
    23,45),(21,28,52),(22,44,24),(29,30,31),(32,49,35),(34,43,38),(37,42,56),(46,50,57) ]
    
F1

( 3,52),( 4,37),( 5,44),( 6,38),( 7,32),( 8,30),( 9,33),(10,16),(11,28),(12,49),(13,47),(14,54),(15,36),(17,34),(18,31),(19,50),(21,39),(22,46),(23,25),(24,40),(26,41),(27,56),(29,43),(35,45),(42,51),(48,55)
F2
( 2,19),( 3,53),( 4,14),( 5,10),( 6,35),( 7,28),( 8,52),( 9,51),(11,56),(12,54),(13,26),(15,17),(16,43),(18,32),(22,27),(23,57),(25,39),(29,47),(31,46),(33,55),(34,37),(36,49),(38,42),(40,50),(41,44),(45,48)
F3
( 2,57),( 4,56),( 5,45),( 6,38),( 7,46),( 8,30),( 9,25),(10,40),(11,36),(12,54),(13,39),(14,49),(15,28),(16,24),(17,31),(18,34),(19,55),(20,53),(21,47),(22,32),(23,33),(26,51),(27,37),(35,44),(41,42),(48,50)
F4
( 1,20),( 2,53),( 3,19),( 4,16),( 5,34),( 6,38),( 7,31),( 8,40),( 9,48),(10,37),(11,22),(12,47),(13,49),(14,43),(15,41),(17,44),(18,32),(24,30),(26,36),(27,56),(28,46),(29,54),(33,55),(35,42),(45,51),(50,52)